$ANSIBLE_VAULT;1.1;AES256
34666338626465636130396262323038383864643062373263363063363866333666336337336336
3437386663656437366137386434333936393435386161610a386562613262623662306539316338
61613738323834653031363435336638393632363661333738336135346235313361666135373030
6530316137336138370a623063663836646431303237343865613139363766666431336361643032
31393632623537313137326564303130653661616664373162366132366535613661393639323164
38626235363033353966373134623735373039393931323333393531613262383035343831373664
38653164656232626338626362643139363664353930323733623266383065326131323366353432
34396263613136323731353563303538313764363936316538313931363937343039323461356536
35343035393432333062633834373337303166353939363265333036613165623131346338383032
32343239616261373437646137316462396663326532373535626366303061383834663439653861
38653163646466656431366236393062303762653837663264373335663133623831653765336333
30633762653334623730323939313437316136343334383834343231663563333132366132346366
3763
